1.338904380798339844e+01 1.339000000000000057e+01
1.364745044708251953e+01 1.309999999999999964e+01
1.359365844726562500e+01 1.218999999999999950e+01
1.302787113189697266e+01 1.236999999999999922e+01
1.284991645812988281e+01 1.251999999999999957e+01
1.285698509216308594e+01 1.282000000000000028e+01
1.304928207397460938e+01 1.252999999999999936e+01
1.297859191894531250e+01 1.290000000000000036e+01
1.315795993804931641e+01 1.391000000000000014e+01
1.385453796386718750e+01 1.266999999999999993e+01
1.334731101989746094e+01 1.326999999999999957e+01
1.351665306091308594e+01 1.292999999999999972e+01
1.335304641723632812e+01 1.327999999999999936e+01
1.352875900268554688e+01 1.375000000000000000e+01
1.390548992156982422e+01 1.365000000000000036e+01
1.397396564483642578e+01 1.341000000000000014e+01
1.382859992980957031e+01 1.331000000000000050e+01
1.370939826965332031e+01 1.308999999999999986e+01
1.352257633209228516e+01 1.319999999999999929e+01
1.353030109405517578e+01 1.341999999999999993e+01
1.368361473083496094e+01 1.333000000000000007e+01
1.368780040740966797e+01 1.316000000000000014e+01
1.358302116394042969e+01 1.303999999999999915e+01
1.346868133544921875e+01 1.348000000000000043e+01
1.370481681823730469e+01 1.471000000000000085e+01
1.459948062896728516e+01 1.866000000000000014e+01
1.740206336975097656e+01 1.607000000000000028e+01
1.644852638244628906e+01 1.572000000000000064e+01
1.583891105651855469e+01 1.648000000000000043e+01
1.630665969848632812e+01 1.960000000000000142e+01
1.871508979797363281e+01 2.033999999999999986e+01
2.009947395324707031e+01 1.941000000000000014e+01
1.929800224304199219e+01 1.673999999999999844e+01
1.674605751037597656e+01 1.767000000000000171e+01
1.719174003601074219e+01 1.660000000000000142e+01
1.665861511230468750e+01 1.553999999999999915e+01
1.584605598449707031e+01 1.660000000000000142e+01
1.650924873352050781e+01 1.546000000000000085e+01
1.597252845764160156e+01 1.406000000000000050e+01
1.486120700836181641e+01 1.400999999999999979e+01
1.447066688537597656e+01 1.408000000000000007e+01
1.440493202209472656e+01 1.431000000000000050e+01
1.458379268646240234e+01 1.311999999999999922e+01
1.397372341156005859e+01 1.316000000000000014e+01
1.371856117248535156e+01 1.358999999999999986e+01
1.385375690460205078e+01 1.452999999999999936e+01
1.452214908599853516e+01 1.438000000000000078e+01
1.476513290405273438e+01 1.416000000000000014e+01
1.468525695800781250e+01 1.428999999999999915e+01
1.469773483276367188e+01 1.382000000000000028e+01
1.440531158447265625e+01 1.452999999999999936e+01
1.468425369262695312e+01 1.563000000000000078e+01
1.550579929351806641e+01 1.584999999999999964e+01
1.602868270874023438e+01 1.576999999999999957e+01
1.612456321716308594e+01 1.588000000000000078e+01
1.616930389404296875e+01 1.660999999999999943e+01
1.666649055480957031e+01 1.701000000000000156e+01
1.712555885314941406e+01 1.680999999999999872e+01
1.708662796020507812e+01 1.648999999999999844e+01
1.679664039611816406e+01 1.676999999999999957e+01
1.691204833984375000e+01 1.499000000000000021e+01
1.570934581756591797e+01 1.398000000000000043e+01
1.468453693389892578e+01 1.475999999999999979e+01
1.476558876037597656e+01 1.593999999999999950e+01
1.560758495330810547e+01 1.491000000000000014e+01
1.546086788177490234e+01 1.509999999999999964e+01
1.548838520050048828e+01 1.436999999999999922e+01
1.505811214447021484e+01 1.473000000000000043e+01
1.506445121765136719e+01 1.303999999999999915e+01
1.415286445617675781e+01 1.231000000000000050e+01
1.332639694213867188e+01 1.281000000000000050e+01
1.314185333251953125e+01 1.341000000000000014e+01
1.340361976623535156e+01 1.273000000000000043e+01
1.327287769317626953e+01 1.298000000000000043e+01
1.332889747619628906e+01 1.272000000000000064e+01
1.322717666625976562e+01 1.183999999999999986e+01
1.272201251983642578e+01 1.198000000000000043e+01
1.252155303955078125e+01 1.293999999999999950e+01
1.292211437225341797e+01 1.344999999999999929e+01
1.345233249664306641e+01 1.339000000000000057e+01
1.368131828308105469e+01 1.339000000000000057e+01
1.375462627410888672e+01 1.272000000000000064e+01
1.334950637817382812e+01 1.297000000000000064e+01
1.332107734680175781e+01 1.317999999999999972e+01
1.344172477722167969e+01 1.266000000000000014e+01
1.317086219787597656e+01 1.228999999999999915e+01
1.284072113037109375e+01 1.253999999999999915e+01
1.286353683471679688e+01 1.376999999999999957e+01
1.365308666229248047e+01 1.377999999999999936e+01
1.398264122009277344e+01 1.441999999999999993e+01
1.453917884826660156e+01 1.378999999999999915e+01
1.425407409667968750e+01 1.383999999999999986e+01
1.418691921234130859e+01 1.400999999999999979e+01
1.427904129028320312e+01 1.421000000000000085e+01
1.445385360717773438e+01 1.434999999999999964e+01
1.461246490478515625e+01 1.477999999999999936e+01
1.496546173095703125e+01 1.489000000000000057e+01
1.515761280059814453e+01 1.619999999999999929e+01
1.614830207824707031e+01 1.644000000000000128e+01
1.663167762756347656e+01 1.637000000000000099e+01
1.664310073852539062e+01 1.685999999999999943e+01
1.697752952575683594e+01 1.685999999999999943e+01
1.704213142395019531e+01 1.721000000000000085e+01
1.731215476989746094e+01 1.846999999999999886e+01
1.835980224609375000e+01 2.010999999999999943e+01
1.996019172668457031e+01 1.889999999999999858e+01
1.924044609069824219e+01 2.048999999999999844e+01
2.031672286987304688e+01 1.664000000000000057e+01
1.723828697204589844e+01 1.660999999999999943e+01
1.660143661499023438e+01 1.680000000000000071e+01
1.673161697387695312e+01 1.714999999999999858e+01
1.720570564270019531e+01 1.641000000000000014e+01
1.693334960937500000e+01 1.858999999999999986e+01
1.848223304748535156e+01 1.707000000000000028e+01
1.789471817016601562e+01 1.543999999999999950e+01
1.640099334716796875e+01 1.514000000000000057e+01
1.573083877563476562e+01 1.662999999999999901e+01
1.656707572937011719e+01 1.750000000000000000e+01
1.767209053039550781e+01 1.626999999999999957e+01
1.712983703613281250e+01 1.628000000000000114e+01
1.687842559814453125e+01 1.630000000000000071e+01
1.681497573852539062e+01 1.452999999999999936e+01
1.552409934997558594e+01 1.483000000000000007e+01
1.525418567657470703e+01 1.448000000000000043e+01
1.496561813354492188e+01 1.399000000000000021e+01
1.458637428283691406e+01 1.407000000000000028e+01
1.447684097290039062e+01 1.382000000000000028e+01
1.431863975524902344e+01 1.336999999999999922e+01
1.401252174377441406e+01 1.301999999999999957e+01
1.367566394805908203e+01 1.244999999999999929e+01
1.322159957885742188e+01 1.307000000000000028e+01
1.330445766448974609e+01 1.281000000000000050e+01
1.325338840484619141e+01 1.276999999999999957e+01
1.321870613098144531e+01 1.255000000000000071e+01
1.308711338043212891e+01 1.258999999999999986e+01
1.303739547729492188e+01 1.313000000000000078e+01
1.330489730834960938e+01 1.266000000000000014e+01
1.318823528289794922e+01 1.283000000000000007e+01
1.321166229248046875e+01 1.266000000000000014e+01
1.311951446533203125e+01 1.284999999999999964e+01
1.318403911590576172e+01 1.358999999999999986e+01
1.365788459777832031e+01 1.449000000000000021e+01
1.444436645507812500e+01 1.351999999999999957e+01
1.408239173889160156e+01 1.371000000000000085e+01
1.405042648315429688e+01 1.360999999999999943e+01
1.396433067321777344e+01 1.361999999999999922e+01
1.394558525085449219e+01 1.360999999999999943e+01
1.393705177307128906e+01 1.348000000000000043e+01
1.385254573822021484e+01 1.439000000000000057e+01
1.444385528564453125e+01 1.497000000000000064e+01
1.507014465332031250e+01 1.755999999999999872e+01
1.707941055297851562e+01 1.651000000000000156e+01
1.683603477478027344e+01 1.396000000000000085e+01
1.472508811950683594e+01 1.726999999999999957e+01
1.645252609252929688e+01 1.206000000000000050e+01
1.358461570739746094e+01 1.224000000000000021e+01
1.281656265258789062e+01 1.235999999999999943e+01
1.251725101470947266e+01 1.283999999999999986e+01
1.272943115234375000e+01 1.318999999999999950e+01
1.310859870910644531e+01 1.391999999999999993e+01
1.378260898590087891e+01 1.389000000000000057e+01
1.410737609863281250e+01 1.421000000000000085e+01
1.443554115295410156e+01 1.277999999999999936e+01
1.363356018066406250e+01 1.358000000000000007e+01
1.378601837158203125e+01 1.269999999999999929e+01
1.332729148864746094e+01 1.315000000000000036e+01
1.341339683532714844e+01 1.276999999999999957e+01
1.323726367950439453e+01 1.374000000000000021e+01
1.375082206726074219e+01 1.357000000000000028e+01
1.388329696655273438e+01 1.399000000000000021e+01
1.420413589477539062e+01 1.266999999999999993e+01
1.345163536071777344e+01 1.439000000000000057e+01
1.426228713989257812e+01 1.335999999999999943e+01
1.388792991638183594e+01 1.130000000000000071e+01
1.254253673553466797e+01 1.130000000000000071e+01
1.204473972320556641e+01 1.183000000000000007e+01
1.206851196289062500e+01 1.226999999999999957e+01
1.234617424011230469e+01 1.156000000000000050e+01
1.213306617736816406e+01 1.258999999999999986e+01
1.259666252136230469e+01 1.306000000000000050e+01
1.309272384643554688e+01 1.352999999999999936e+01
1.361115550994873047e+01 1.348000000000000043e+01
1.376539516448974609e+01 1.400999999999999979e+01
1.416222572326660156e+01 1.535999999999999943e+01
1.522604846954345703e+01 1.550999999999999979e+01
1.565977668762207031e+01 1.473000000000000043e+01
1.511939620971679688e+01 1.687000000000000099e+01
1.656837844848632812e+01 1.898999999999999844e+01
1.860167884826660156e+01 1.416999999999999993e+01
1.476321792602539062e+01 1.522000000000000064e+01
1.497039413452148438e+01 1.467999999999999972e+01
1.469213008880615234e+01 1.231000000000000050e+01
